@relation wizmir
@attribute Max_temperature real[36.7,105.0]
@attribute Min_temperature real[15.8,78.6]
@attribute Dewpoint real[13.6,64.4]
@attribute Precipitation real[0.0,7.6]
@attribute Sea_level_pressure real[29.26,30.48]
@attribute Standard_pressure real[2.3,10.1]
@attribute Visibility real[0.92,29.1]
@attribute Wind_speed real[4.72,68.8]
@attribute Max_wind_speed real[16.11,55.24]
@attribute Mean_temperature real[29.4,89.9]
@inputs Max_temperature, Min_temperature, Dewpoint, Precipitation, Sea_level_pressure, Standard_pressure, Visibility, Wind_speed, Max_wind_speed
@outputs Mean_temperature
@data
88.2, 57.2, 53.6, 0, 29.96, 7.3, 9.09, 16.1, 34.28, 74.3
88, 58.6, 54.9, 0, 29.84, 7.3, 10.7, 18.3, 34.28, 75.2
91.6, 62.1, 60.4, 0, 29.76, 7.2, 8.29, 18.3, 34.28, 76.1
64.4, 42.8, 37.4, 0.2, 30.15, 7.8, 21.1, 27.5, 34.28, 47.1
94.1, 72.3, 46.8, 0, 29.86, 7.2, 17.2, 25.3, 34.28, 83.9
81.3, 62.6, 37.4, 0, 30.01, 6.8, 21.2, 27.5, 34.28, 70.8
62.6, 53.6, 51.4, 0.2, 29.8, 7.9, 17, 25.3, 32.22, 59.7
53.6, 35.6, 30.3, 0, 30.13, 7.6, 16.1, 20.8, 34.28, 44.9
53.4, 44.1, 45.4, 0, 29.97, 7.7, 9.09, 16.1, 34.28, 47.8
91.4, 59.9, 54.1, 0, 29.79, 7.3, 7.37, 20.8, 34.28, 77.8
61.2, 45.3, 43.8, 0.6, 29.94, 7.8, 9.67, 16.1, 34.28, 53.7
47.1, 32.9, 27.4, 0, 29.95, 7.3, 16.6, 25.3, 29.92, 40.1
101, 69.4, 57.9, 0, 29.76, 7.3, 6.44, 16.1, 34.28, 85.5
72.3, 42.6, 42.6, 0, 30.02, 7.2, 7.02, 16.1, 34.28, 57.4
42.8, 33.8, 27.6, 0, 29.73, 7.1, 28.6, 34.4, 50.52, 36.9
71.6, 46.4, 49.1, 0, 30.12, 7.4, 4.49, 9.21, 34.28, 58.5
85.5, 47.8, 47.4, 0, 30.09, 7.3, 4.37, 16.1, 34.28, 64.7
59.4, 39.9, 46.5, 0.8, 29.89, 7.8, 10, 16.1, 34.28, 50.1
46.6, 41, 40.3, 0.2, 30.28, 6.2, 9.55, 18.3, 34.28, 43.7
60.8, 34.2, 37, 0, 29.97, 7.8, 2.65, 9.21, 34.28, 47.4
100, 65.5, 56.5, 0, 29.87, 7.3, 7.6, 18.3, 34.28, 83.2
59.2, 51.3, 51.6, 0.3, 29.72, 7.8, 5.64, 9.21, 34.28, 54.3
46.4, 30.2, 28.1, 0.1, 30.12, 7.3, 10.8, 20.8, 34.28, 36.9
74.5, 48.2, 59.8, 0.1, 30.08, 7.6, 6.56, 18.3, 34.28, 63.2
73.4, 50, 46.2, 0, 30.07, 7.2, 14, 23, 34.28, 61.2
52.2, 40.8, 42.4, 0.1, 29.66, 4.9, 7.94, 13.8, 34.28, 46.3
77, 62.6, 58.8, 0.09, 29.82, 7.9, 11.8, 18.3, 34.28, 69.6
50, 37.2, 30.9, 0, 30.17, 7.3, 18.9, 57.4, 34.28, 42
75.9, 51.1, 53.7, 0, 29.8, 7.3, 9.09, 23, 34.28, 63.5
94.1, 71.4, 51.3, 0, 29.77, 7.1, 15.5, 23, 34.28, 83
79.3, 43.2, 58.4, 0, 29.93, 7.2, 8.75, 16.1, 34.28, 66.5
50, 38.1, 32.2, 0, 30.07, 7.7, 16.6, 25.3, 34.28, 43.7
93.2, 66.7, 50.8, 0, 29.72, 7, 13.6, 27.5, 34.28, 81.5
87.8, 61.7, 61, 0, 29.95, 7.2, 5.75, 16.1, 34.28, 73.6
86, 60.8, 59.2, 0, 29.89, 7.3, 12.7, 23, 34.28, 76.8
64.4, 46.4, 47.7, 0, 29.96, 7.5, 11.8, 18.3, 34.28, 56.1
57.4, 37.4, 32, 0, 30.01, 7.1, 12.6, 20.8, 34.28, 47.9
51.8, 42.8, 42, 0, 30.04, 7.7, 13.2, 18.3, 34.28, 48
64.4, 47.7, 45.8, 0, 30.08, 7.3, 13.3, 20.8, 34.28, 56.1
88.9, 70, 54.6, 0, 29.91, 7, 16.5, 23, 34.28, 79.8
95.2, 75.4, 62.8, 0, 29.83, 7.4, 16.9, 23, 34.28, 85.4
54, 44.6, 35.7, 0, 30.06, 7.6, 24.2, 59.7, 34.28, 48.4
83.1, 66.2, 57.6, 0, 29.92, 7.4, 19.1, 23, 34.41, 74.1
83.5, 56.5, 52.9, 0, 30.01, 7.1, 4.83, 11.3, 34.28, 69.9
48.4, 39.7, 35.3, 0.1, 29.95, 7.3, 12.7, 25.3, 34.28, 43.3
47.8, 35.8, 31.9, 0.6, 29.97, 7.6, 19.9, 27.5, 39.13, 41.3
48.2, 34.9, 35, 0.1, 30.04, 7.7, 8.29, 16.1, 34.28, 42
46.4, 33.8, 27.8, 0, 30.24, 7.7, 13.4, 20.8, 34.28, 38.8
60.8, 42.8, 46.8, 0, 30.2, 7.5, 4.83, 9.21, 34.28, 50.5
84.2, 55.2, 54.2, 0, 29.77, 7.7, 10.3, 20.8, 34.28, 69.9
86.9, 65.7, 55.4, 0, 29.97, 7.6, 6.33, 13.8, 34.28, 74.2
92.1, 61.7, 44.5, 0, 29.82, 7.8, 5.52, 13.8, 34.28, 75.5
86.2, 61.3, 57.6, 0.09, 29.93, 7.3, 7.71, 18.3, 34.28, 73.6
72.5, 46.2, 50.5, 0, 30.15, 6.7, 1.96, 9.21, 34.28, 56.8
88.9, 55.6, 57.4, 0, 29.95, 6.8, 5.52, 11.3, 34.28, 72.4
53.2, 39.2, 39.3, 0.6, 30.07, 7.4, 13.3, 23, 34.28, 45.8
60.8, 28.8, 35.4, 0, 30.26, 6.7, 4.49, 16.1, 34.28, 45
57.2, 39.9, 43.5, 0.2, 29.74, 7.8, 4.95, 11.3, 34.28, 48.5
98.6, 63.7, 54.6, 0, 29.9, 7.3, 9.55, 18.3, 34.28, 84.1
61.7, 47.3, 48.1, 0, 30.29, 3.1, 8.06, 16.1, 34.28, 52.9
95.9, 73.8, 54, 0, 29.75, 7.3, 16.6, 25.3, 32.22, 85.4
54, 29.8, 34.2, 0, 30.18, 6.4, 3.57, 9.21, 34.28, 41.2
53.1, 37.4, 41.2, 0.2, 30.08, 7.4, 5.87, 13.8, 34.28, 45.8
93.9, 56.8, 52, 0, 29.89, 7.3, 7.37, 16.1, 34.28, 75.5
60.8, 45.3, 42.8, 0, 30.01, 7.2, 15.4, 23, 34.28, 52.5
77.9, 53.1, 56.5, 0, 29.98, 7.7, 5.87, 13.8, 34.28, 65
55.6, 42.4, 44.9, 0, 29.96, 7.6, 5.64, 9.21, 34.28, 50.4
70.2, 53.6, 48.8, 0, 29.94, 7.6, 8.63, 13.8, 34.28, 61.9
68.9, 48.2, 44.7, 0, 29.8, 8, 15.4, 25.3, 34.28, 58.7
78.8, 57.2, 51.3, 0.1, 29.87, 7.4, 14.6, 25.3, 34.28, 70.3
63.5, 45, 45.7, 0, 29.89, 7.1, 11.8, 18.3, 34.28, 53
102, 69.3, 57, 0, 29.83, 7.5, 17.9, 29.9, 34.28, 89
62.6, 54.1, 54.1, 0.1, 30.09, 2.5, 2.88, 11.3, 34.28, 57.1
79.5, 57.4, 58.2, 2.6, 29.94, 7.3, 11, 20.8, 34.28, 69
73.4, 57.2, 54.6, 0.2, 29.67, 7.8, 16.1, 34.4, 46.03, 65.5
66.7, 48.2, 45.9, 0, 30.18, 6.7, 11.6, 18.3, 34.28, 56.4
93.2, 70.5, 49.2, 0, 29.76, 7.3, 15.7, 20.8, 34.28, 83.1
53.1, 39.4, 41.4, 0, 30.23, 7.3, 6.21, 13.8, 34.28, 46.4
52.9, 42.8, 40.3, 0, 29.67, 7.6, 16.6, 23, 34.28, 46.6
68, 44.6, 44.5, 0, 30.31, 6.7, 12.5, 23, 34.28, 56.7
56.5, 51.6, 52.9, 0.4, 29.88, 4, 7.94, 16.1, 34.28, 54.5
55.6, 30.2, 35, 0, 30.28, 7.8, 1.61, 4.72, 34.28, 42.2
76.3, 50, 54.4, 0, 29.74, 7.1, 6.1, 16.1, 34.28, 64.4
85.3, 65.1, 54.2, 0, 29.86, 7.5, 19.5, 23, 34.28, 72.9
73.6, 53.6, 45.2, 0, 30.12, 7.1, 14.6, 23, 34.28, 62.6
50.9, 39.2, 34.6, 0, 30.17, 7.2, 20, 29.9, 34.28, 44.6
89.8, 58.1, 51.7, 0, 29.95, 7.2, 7.14, 13.8, 34.28, 73.5
96.8, 72, 46.5, 0, 29.74, 7.3, 15.7, 20.8, 25.32, 86.4
59.4, 35.2, 40.5, 0, 30.01, 4.5, 10.2, 20.8, 34.28, 46.4
93.2, 73.6, 54.5, 0, 29.8, 6.9, 20.4, 25.3, 34.28, 83.9
58.3, 50, 50.6, 1.3, 29.96, 7.2, 8.75, 13.8, 34.28, 53.6
97.3, 68.5, 56, 0, 29.8, 7.3, 11.3, 23, 34.28, 83.5
60.6, 36.5, 40.5, 0, 30.12, 7.6, 10.8, 19.81, 34.28, 48
65.5, 42.8, 47.1, 0.1, 30.07, 7.7, 4.95, 9.21, 34.28, 55.3
57.7, 45.7, 38.4, 0, 29.88, 7.7, 16.4, 23, 34.28, 50.6
79.9, 62.6, 55.5, 0, 29.95, 7.8, 20.4, 27.5, 41.31, 70.9
75.2, 58.8, 43, 0, 29.91, 7.1, 17, 23, 34.28, 66.4
64.8, 53.6, 55.3, 1.1, 29.88, 6.9, 7.94, 13.8, 34.28, 58.2
73.9, 48.7, 46.4, 0, 29.86, 7.6, 11.1, 18.3, 34.28, 63.5
89.1, 65.8, 60.7, 0, 29.89, 7.4, 9.44, 18.3, 34.28, 77.8
88.7, 58.6, 51.8, 0, 29.9, 7.2, 8.17, 13.8, 34.28, 75.6
62.2, 45.3, 49.5, 0.6, 30.19, 4.3, 4.03, 13.8, 34.28, 52.4
77.4, 56.1, 43.4, 0, 30.05, 6.9, 16.1, 23, 25.32, 66.3
62.6, 42.6, 47.6, 1, 29.79, 7.7, 14.3, 25.3, 34.28, 52.9
61.2, 33.4, 35.9, 0, 30.03, 6.7, 6.21, 13.8, 34.28, 49.4
60.8, 45, 36.2, 0, 30.14, 7.4, 19.2, 25.3, 34.28, 52.5
61.2, 53.6, 52.2, 0, 30.13, 7.6, 8.06, 13.8, 34.28, 57.8
60.8, 41, 48, 0, 30.15, 7.5, 7.71, 16.1, 34.28, 54
55.4, 26.6, 29.6, 0, 30.23, 7.3, 6.33, 13.8, 34.28, 40.7
85.3, 67.1, 64.3, 0, 29.85, 7.8, 12.4, 20.8, 34.28, 76.2
76.1, 53.6, 33.3, 1, 29.74, 7.6, 9.44, 20.8, 34.28, 66.4
79.2, 51.8, 52.9, 0, 29.97, 7.6, 4.49, 6.9, 34.28, 67.3
57.2, 39.2, 39.6, 0.7, 30.02, 7.6, 11.7, 20.8, 34.28, 48.7
86.7, 60.3, 55.5, 0, 29.99, 7.2, 13.3, 23, 34.28, 74.6
96.8, 72.7, 57.9, 0, 29.82, 7.1, 19.4, 25.3, 34.41, 85.5
55.9, 37.4, 41.3, 0, 30.04, 7.5, 8.75, 16.1, 34.28, 46.7
63.7, 44.6, 50, 0.9, 29.94, 7.8, 6.9, 18.3, 34.28, 54.2
48.2, 29.7, 25.8, 0, 29.97, 7.4, 7.37, 13.8, 20.83, 40.6
71.6, 58.3, 51.6, 0, 29.8, 7.7, 16.3, 29.9, 34.28, 64.4
48.9, 32, 46.5, 0, 29.9, 2.9, 5.75, 13.8, 34.28, 46.8
81.1, 54.3, 53.6, 0, 30.01, 7.4, 8.17, 13.8, 34.28, 68.5
44.4, 35.1, 26.2, 0, 30.18, 7.8, 18.4, 25.3, 34.41, 37.7
94.1, 60.6, 52.7, 0, 29.85, 7.4, 6.67, 16.1, 34.28, 77.5
83.7, 64.4, 63.3, 0.1, 29.79, 7.4, 8.75, 18.3, 34.28, 74
54, 27.9, 35.4, 0, 30.21, 6.1, 3.22, 11.3, 34.28, 41.5
57.4, 29.3, 35.2, 0, 30.05, 5.8, 5.06, 11.3, 34.28, 42.6
89.8, 68.7, 53.5, 0, 30.06, 7.4, 16.8, 27.5, 39.13, 78.3
80.6, 64.4, 48.9, 0, 29.81, 7.7, 24.1, 29.9, 34.41, 71.7
57.7, 46, 43.8, 0.1, 29.78, 7.5, 15.4, 23, 34.28, 50.8
50, 41.9, 46.7, 1.1, 29.63, 7.1, 7.71, 13.8, 34.28, 46.8
61.2, 50.5, 51.4, 0.1, 29.77, 7.4, 10.3, 20.8, 34.28, 55.1
60.8, 36.7, 45, 0.2, 29.78, 7.8, 14.3, 25.3, 34.28, 50.7
77.2, 49.8, 54.6, 0, 30.15, 6.4, 4.26, 11.3, 34.28, 62.7
55.4, 40.8, 40.3, 1.1, 29.96, 7.7, 5.29, 11.3, 34.28, 47.4
58.5, 42.8, 43.8, 0.09, 29.98, 7.5, 8.63, 16.1, 34.28, 51
60.1, 45.1, 48.1, 1.5, 30.2, 8, 6.44, 13.8, 34.28, 51.2
82.2, 62.6, 55.3, 0, 29.89, 7.6, 12.2, 18.3, 34.28, 71.2
62.8, 42.1, 48.1, 0, 30.29, 6.3, 4.95, 11.3, 34.28, 50.7
68.4, 50, 50.3, 0, 29.89, 7.4, 7.83, 16.1, 34.28, 56
92.5, 64.8, 56.2, 0, 29.87, 7.3, 10, 18.3, 34.28, 80.6
96.3, 68, 52.6, 0, 29.78, 7.1, 12.8, 20.8, 34.28, 82.6
95.5, 64.4, 51.8, 0, 29.96, 7.1, 9.78, 20.8, 34.28, 79.3
95, 68, 53.9, 0, 29.92, 7.3, 12, 18.3, 34.28, 83
46.8, 33.8, 30, 0, 30.32, 7.4, 14, 20.8, 34.28, 40.5
61.7, 38.1, 40.4, 0, 30.01, 7, 4.49, 11.3, 34.28, 50.5
65.5, 42.3, 42.4, 0, 30.19, 7.4, 13.8, 25.3, 34.28, 53.2
57.2, 26.6, 29.8, 0, 30.37, 7.2, 6.67, 18.3, 34.28, 42.3
92.5, 64.4, 61, 0, 29.53, 7.2, 12, 23, 34.28, 80.2
99, 75.2, 49.5, 0, 29.83, 7.1, 12.8, 20.8, 34.28, 86
56.8, 33.1, 23.5, 0, 30.31, 7.1, 13.6, 25.3, 34.28, 45.1
55.4, 44.6, 46, 1.1, 30.11, 7.6, 9.09, 16.1, 34.28, 48
86.5, 61.3, 57.1, 0, 29.92, 7.4, 12.2, 28.8, 34.28, 75
91.4, 68, 38.6, 0, 29.83, 7.3, 23.2, 32.2, 41.31, 81
77, 51.6, 46.8, 0, 30.05, 7.4, 9.55, 18.3, 25.32, 66.2
87.8, 65.8, 61.8, 0, 29.82, 7.2, 10.3, 23, 34.28, 76.7
88.3, 68.2, 40.8, 0, 29.99, 7, 21.1, 27.5, 34.28, 79
65.8, 37.4, 44.9, 0, 30.25, 5, 5.64, 13.8, 34.28, 51.8
55, 40.3, 29.4, 0, 29.99, 7.5, 23, 29.9, 39.13, 46.2
86.4, 57.2, 57.1, 0, 29.96, 7.2, 10.5, 16.1, 34.28, 72.3
84.2, 66, 52.5, 0, 29.81, 7.6, 19.7, 25.3, 34.28, 72.8
95, 75.2, 54, 0, 29.8, 7.1, 17.4, 23, 34.28, 83.4
76.1, 56.7, 56.9, 0, 29.87, 7.1, 4.37, 9.21, 34.28, 65.6
91, 65.5, 51.4, 0, 29.91, 7.2, 14.9, 25.3, 34.28, 79.4
62.8, 40.1, 41.8, 0, 30.04, 7.2, 11.2, 16.1, 34.28, 52.7
90.5, 65.5, 48.1, 0, 29.98, 7.3, 15.1, 23, 34.28, 78.1
84.2, 57.6, 47.2, 0, 29.95, 7.8, 8.17, 16.1, 34.28, 71
50.7, 37, 34.4, 0, 29.95, 7.6, 13, 18.3, 34.28, 43.8
95.4, 71.2, 57.3, 0, 29.65, 7.2, 15.5, 20.8, 34.28, 83.7
90.1, 70.7, 54.3, 0, 29.72, 7.3, 18, 23, 29.92, 80.1
104, 68.5, 48.6, 0, 29.85, 7.3, 9.44, 18.3, 34.28, 86.5
73.9, 57.2, 54.5, 0, 29.91, 7.5, 14.6, 25.3, 27.5, 66.2
88.5, 60.8, 51.2, 0, 29.93, 7.2, 13.9, 25.3, 34.28, 76.3
82.4, 46.2, 48.3, 0, 30.06, 7.1, 6.9, 13.8, 34.28, 63.2
58.1, 46.4, 51.7, 2.7, 29.77, 7.4, 8.17, 16.1, 34.28, 52.5
91, 68.9, 60.2, 0, 29.81, 7.3, 11.2, 23, 34.28, 79.9
61.5, 43.9, 40, 0, 30.02, 7.2, 19.9, 25.3, 34.28, 51.9
61.2, 44.4, 46.7, 0, 30.09, 7.1, 3.11, 13.8, 34.28, 51.4
60.8, 43.9, 29.6, 0, 30.14, 7.5, 24, 29.9, 34.28, 51.4
86.9, 54.7, 50.1, 0, 29.91, 7.7, 6.56, 16.1, 34.28, 73.5
100, 74.5, 54.2, 0, 29.92, 7.2, 13.8, 23, 34.28, 87.8
54.7, 51.8, 51, 4.2, 29.7, 7.3, 11, 16.1, 34.28, 53.5
85.8, 63.3, 53.4, 0, 29.98, 7.4, 15.5, 20.8, 34.28, 75.2
58.8, 45.9, 48.3, 0, 29.92, 5.2, 7.71, 16.1, 34.28, 52.3
69.8, 46.4, 49, 0, 29.91, 7.6, 5.98, 13.8, 34.28, 58.4
92.5, 62.2, 59.8, 0, 29.88, 6.8, 10.9, 20.8, 34.28, 79
94.5, 66.2, 49.5, 0, 29.84, 7.2, 11.5, 29.9, 34.28, 78.9
70, 46, 48.7, 0, 29.87, 8, 7.25, 13.8, 34.28, 58.6
90.3, 56.1, 53.6, 0, 29.91, 6.9, 6.1, 16.1, 34.28, 72.3
55.6, 41.5, 48.2, 0.2, 29.77, 7.1, 11.3, 20.8, 34.28, 51.2
62.4, 41, 44.7, 0, 30.19, 6.3, 3.11, 9.21, 34.28, 50.8
54, 35.4, 28, 0, 30.06, 7.4, 16.9, 47.1, 34.28, 44
57.9, 45.9, 48.7, 0.3, 29.62, 7.7, 8.17, 18.3, 34.28, 51.2
76.3, 52.9, 54.9, 0, 30.06, 6.1, 6.56, 13.8, 34.28, 63.1
64.4, 37, 45.3, 0, 30.06, 7.6, 11, 18.3, 34.28, 52.7
82.4, 51.8, 52.4, 0, 30.06, 6.9, 4.37, 39.1, 34.28, 67.9
63.7, 54.1, 52.1, 1.6, 29.71, 7.8, 7.94, 31, 34.28, 59
66, 58.1, 50.7, 0.1, 29.94, 7.8, 16.1, 27.5, 34.28, 62.1
80.8, 51.1, 47.8, 0, 29.87, 7.2, 4.03, 9.21, 34.28, 66.7
60.8, 41, 44.9, 0.2, 30.16, 7, 4.6, 11.3, 34.28, 49.4
81, 51.1, 55.7, 0, 29.99, 6.5, 6.44, 13.8, 34.28, 66.2
86.5, 62.6, 56.2, 0, 30.06, 7.1, 15.7, 23, 34.28, 76.6
64.4, 54.5, 51.6, 0, 29.91, 7.8, 11.3, 25.3, 34.28, 60.3
76.6, 59, 42.2, 0, 30.12, 7.1, 18.7, 23, 34.28, 66
46.4, 34.2, 34.3, 0.6, 29.94, 8, 12.7, 18.3, 34.28, 41.8
67.8, 48, 52.3, 0.09, 30.17, 7.8, 4.26, 9.21, 34.28, 58.5
64.2, 51.8, 49, 1.1, 29.94, 7.6, 15.7, 23, 34.28, 56.4
43.2, 37.6, 26.7, 0, 29.87, 7.9, 24.1, 32.2, 46.03, 40.1
52.9, 24.8, 24.6, 0, 30, 7.2, 6.56, 16.1, 34.28, 40.4
82.4, 51.3, 53.6, 0, 30.03, 7.3, 5.18, 13.8, 34.28, 66.9
48.2, 27.5, 31.3, 0, 30.12, 7.3, 6.21, 13.8, 34.28, 37.3
48.9, 32, 28.4, 0, 29.9, 7.6, 18.1, 29.9, 41.31, 41.4
68.7, 41.2, 47.5, 0, 30.3, 6.2, 7.02, 16.1, 34.28, 54
86.2, 62.1, 59.9, 0, 29.94, 7.3, 12.2, 35.5, 34.28, 72.7
80.8, 53.2, 55.5, 0, 30.06, 6.5, 10.5, 20.8, 34.28, 67.9
79.9, 62.2, 56.1, 0, 29.96, 7.4, 19.7, 27.5, 39.13, 71.7
79.9, 66.4, 56.4, 0, 29.74, 7.5, 19.7, 27.5, 29.92, 72.9
68.5, 37.4, 40.2, 0, 30.19, 4.5, 1.96, 6.9, 34.28, 50.1
67.6, 36.1, 44.4, 0, 29.91, 7, 6.79, 13.8, 34.28, 52.8
45.3, 38.7, 38, 0.3, 29.81, 6.7, 5.52, 19.81, 34.28, 42.3
94.5, 72.3, 57.2, 0, 29.83, 7.2, 18.8, 25.3, 34.28, 83.2
87.8, 58.5, 57.6, 0.09, 29.79, 7.8, 7.14, 19.81, 34.28, 71.6
64.4, 51.8, 48.1, 0, 30.01, 8, 13.3, 20.8, 34.28, 57.2
79.5, 51.8, 49.1, 0, 29.98, 7.6, 5.52, 13.8, 34.28, 64.4
52.9, 27.9, 31, 0, 30.1, 6.5, 4.26, 13.8, 34.28, 38.9
55.8, 25.5, 29.8, 0, 29.99, 7.3, 4.14, 11.3, 34.28, 40.6
81, 53.2, 50.3, 0, 30, 7.5, 8.06, 16.1, 34.28, 66.7
74.5, 50.7, 55.5, 0.09, 29.82, 7.7, 11.9, 23, 34.28, 65.2
92.3, 73.2, 43.7, 0, 29.9, 7.2, 18, 23, 34.28, 81.6
49.5, 29.3, 31.7, 0, 30.18, 7.3, 9.55, 18.3, 34.28, 39.9
88.9, 66, 56.9, 0, 29.78, 7.3, 15.1, 23, 34.28, 79.6
81.1, 47.5, 50.8, 0, 30.07, 7.2, 5.52, 16.1, 34.28, 65.6
59.2, 42.1, 37.4, 0, 30.09, 7.3, 18.4, 25.3, 34.28, 50.5
64.4, 42.8, 40.6, 0, 30.06, 7.3, 11.1, 18.3, 34.28, 53.4
79.3, 52.3, 49.9, 0, 29.95, 7, 14.3, 20.8, 34.28, 68.1
72.3, 46, 48.2, 0, 29.8, 7.7, 7.94, 18.3, 34.28, 59.1
81.1, 69.8, 58.4, 0, 29.88, 7.7, 14, 18.3, 34.28, 73.9
55.9, 44.6, 42.9, 0, 30.16, 7.8, 14.5, 20.8, 34.28, 48.7
50, 39.2, 27.4, 0, 30.11, 8.2, 26, 68.8, 34.28, 44.1
50, 39.2, 32.3, 0, 30.42, 7.7, 24.6, 29.9, 41.31, 44.8
66.6, 37.4, 38.6, 0, 30.13, 6.1, 3.68, 16.1, 34.28, 49.6
78.8, 49.1, 50.5, 0, 30, 7.3, 10.4, 18.3, 34.28, 65.5
57.2, 35.6, 35.6, 0, 29.95, 7.4, 13.5, 20.8, 34.28, 46.9
59.4, 31.5, 40.3, 0, 30.13, 5.7, 3.45, 11.3, 34.28, 45.1
77, 48.2, 47.7, 0, 30.02, 7.2, 6.67, 16.1, 34.28, 62.2
61.5, 40.8, 36.1, 0, 29.94, 7.3, 12.5, 18.3, 34.28, 52
93.2, 75.2, 60.2, 0, 29.8, 7.3, 17.6, 23, 34.28, 83.2
96.8, 66.2, 51.5, 1.4, 29.89, 7.4, 8.52, 16.1, 34.28, 82.4
84.4, 59.9, 48.6, 0, 29.83, 7.4, 10.8, 18.3, 34.28, 71.6
91, 70.2, 55.6, 0, 29.87, 7.3, 16, 23, 34.28, 80.3
91.9, 72.3, 51, 0, 29.9, 7.2, 19.2, 25.3, 34.28, 81
75.7, 56.3, 42.9, 0, 29.94, 7.4, 14.3, 18.3, 34.28, 66
91.4, 70.2, 52.9, 0, 29.94, 7.3, 14, 20.8, 34.28, 81.3
93.2, 67.3, 59.6, 0, 29.81, 7.3, 7.25, 18.3, 34.28, 79
44.6, 40.3, 38.6, 1.1, 29.79, 7.8, 19.9, 23, 34.28, 42.3
41, 33.8, 33.2, 0.1, 29.77, 8.1, 18.6, 23, 34.28, 38.3
99, 71.6, 58.3, 0, 29.62, 7.3, 18.5, 25.3, 34.28, 86.2
45.1, 23.5, 24.9, 0, 30.33, 6.9, 5.98, 13.8, 34.28, 33.9
94.1, 71.6, 45.7, 0, 29.96, 7.2, 20, 25.3, 34.28, 82.7
46.9, 28.8, 30.9, 0, 30.3, 7.4, 5.75, 13.8, 34.28, 36.4
67.3, 46.4, 47.1, 0.09, 30.07, 7.7, 9.09, 16.1, 34.28, 57.8
52.3, 38.1, 33.4, 0, 30.03, 7.6, 14.5, 20.8, 34.28, 45.2
89.1, 59.2, 50.1, 0, 29.98, 7.3, 11.6, 23, 34.28, 77.2
57.2, 35.1, 34.8, 0, 30.12, 7.4, 11.7, 23, 34.28, 47.7
91.4, 61.5, 50.9, 0, 29.84, 7.2, 6.79, 16.1, 34.28, 77.3
62.4, 50, 50.5, 0.3, 29.96, 5.7, 11.5, 18.3, 34.28, 55.3
61.9, 39.2, 48.8, 0.5, 30, 6.3, 6.44, 11.3, 34.28, 51.4
66.9, 35.8, 40.4, 0, 29.99, 7.1, 7.14, 13.8, 34.28, 52.1
80.2, 63.3, 60.1, 0, 29.79, 7.7, 14.2, 27.5, 39.13, 71.7
79.9, 51.8, 43.9, 0, 29.82, 7.1, 6.56, 16.1, 34.28, 66
92.8, 62.6, 58.2, 0, 29.97, 6.8, 14.5, 25.3, 29.92, 78.8
55.4, 38.5, 33.2, 0, 30.2, 7.5, 13.9, 23, 34.28, 46.6
57.2, 37.6, 44, 0, 30.09, 6.4, 14.8, 25.3, 34.28, 48.5
77, 43.5, 48, 0, 30.22, 6.9, 4.49, 13.8, 34.28, 60.6
86.4, 63, 39.8, 0, 29.67, 7.7, 9.78, 18.3, 34.28, 74.6
95, 72.5, 46.3, 0, 29.89, 7.1, 18.9, 23, 34.28, 82.9
82.4, 48.2, 46.3, 0, 29.94, 7.2, 7.48, 16.1, 34.28, 64.6
50, 26.6, 35.7, 0, 30.2, 6.8, 7.94, 27.5, 34.28, 40
54.7, 45.5, 48.1, 0.6, 29.91, 7.6, 3.57, 11.3, 34.28, 49.8
64.4, 50.5, 49.7, 0.1, 29.71, 6.2, 15.1, 27.5, 39.13, 55.8
100, 65.5, 57, 0, 29.6, 7.3, 5.52, 11.3, 34.28, 82
55.4, 36.1, 34, 0, 29.93, 7.7, 12, 18.3, 34.28, 45.9
57.6, 37.9, 45.6, 0, 30.12, 7.2, 5.18, 9.21, 34.28, 49.7
83.3, 60.8, 51.6, 0, 30.02, 7.2, 17.6, 25.3, 34.28, 72.9
95, 58.8, 54.8, 0, 29.88, 7.2, 5.87, 16.1, 34.28, 80.5
96.6, 75.4, 51.7, 0, 29.82, 7.2, 20.2, 27.5, 34.28, 85.4
63.5, 46.4, 49.9, 0.6, 29.68, 5.9, 7.71, 13.8, 34.28, 54.5
62.6, 41.5, 45.7, 0, 30.19, 7.1, 6.44, 13.8, 34.28, 52.9
55.4, 28.4, 32.3, 0, 30.04, 5.5, 3.68, 11.3, 34.28, 40.2
71.6, 41.2, 48.4, 0, 29.99, 7.4, 7.25, 16.1, 34.28, 58.9
95, 69.8, 53.9, 0, 29.73, 7.5, 10, 18.3, 34.28, 84
79.2, 49.8, 52.6, 0, 30.17, 6, 4.95, 11.3, 34.28, 63.6
68.2, 50, 46.8, 0, 30.16, 6.9, 14, 20.8, 34.28, 59.5
